20
20 16
4 2
7 16
12 11
8 3
20 2
14 7
9 12
16 15
8 6
18 17
6 1
11 7
14 10
4 18
2 15
5 5
17 12
20 8
2 19
3 13
20 8
19 1
19 14
15 6
11 12
3 8
5 5
14 18
6 10
7 8
4 12
12 20
3 4
20 16
2 2
8 14
9 18
14 7
11 8
5 13
11 19
20 15
3 13
4 1
14 3
20 18
14 3
9 8
6 8
3 20
1 2
13 9
19 6
16 9
5 12
1 15
10 12
2 4
4 5
4 10
7 3
7 12
6 7
11 3
15 5
2 7
6 6
16 4
11 3
4 7
14 16
14 3
7 15
6 3
11 2
12 10
4 10
13 1
16 4
4 2
8 17
9 6
3 4
9 5
18 13
12 11
8 5
5 7
11 10
9 13
3 12
2 7
1 7
19 8
10 14
10 9
11 18
14 13
13 15
9 2
19 20
4 18
16 8
4 6
9 4
11 12
15 12
10 15
10 8
3 11
2 4
20 12
13 5
16 17
11 4
18 9
16 1
7 11
8 2
9 8
6 19
19 20
2 20
7 12
8 1
2 1
4 13
4 16
10 11
12 20
14 1
9 1
1 7
4 20
8 4
7 13
2 18
5 15
17 11
6 16
3 20
16 6
4 11
13 13
1 16
5 7
16 13
7 8
11 10
19 18
13 17
3 6
14 7
13 3
9 18
10 11
9 18
8 13
8 12
17 9
19 1
15 6
5 13
13 15
15 3
5 19
19 7
5 5
5 17
7 5
6 8
7 7
5 14
11 13
17 7
1 15
20 7
20 4
19 4
19 13
6 15
12 4
1 8
8 17
16 6
1 13
14 19
19 18
12 9
2 20
8 2
14 7
20 5
10 19
20 20
3 5
14 14
20 6
13 20
2 8
5 14
1 10
12 11
8 15
12 9
14 19
3 19
17 2
15 18
12 14
18 15
10 3
20 2
1 13
1 2
20 17
8 12
7 11
3 6
6 6
6 11
16 8
2 12
2 8
9 13
14 18
19 3
13 19
16 13
11 16
6 2
13 13
6 11
4 20
16 1
5 13
3 20
1 4
11 14
4 11
18 17
1 17
19 13
7 15
5 17
2 2
10 6
15 15
16 10
14 3
2 18
16 4
9 8
20 19
1 3
2 10
19 2
18 9
6 4
15 2
20 17
3 2
14 9
16 10
10 2
4 11
19 19
7 20
6 6
10 18
20 11
20 18
4 17
18 1
1 13
2 12
1 17
13 14
17 1
3 7
2 7
17 12
17 15
11 15
20 1
4 19
11 3
8 7
20 6
7 12
18 1
15 10
17 8
3 13
8 18
11 9
16 20
20 12
14 3
6 14
3 2
4 13
4 12
11 15
9 18
18 18
18 13
7 6
12 9
10 19
6 1
19 1
20 10
5 13
12 2
18 14
3 2
19 19
5 1
13 13
18 3
2 7
15 8
12 6
16 2
16 14
14 6
6 13
15 10
5 19
12 15
4 6
16 14
4 12
15 9
16 4
11 17
11 17
4 14
2 11
7 9
4 20
14 10
4 20
19 9
10 2
3 14
8 10
19 3
13 5
11 8
9 13
4 11
9 19
4 2
9 3
10 13
14 3
14 18
15 12
18 4
